0 0 0   10 2 3   1 0 0 
4 -1 1.5   1.5 1.5 1   0 0 0
-4 -1 1.5   1.5 1.5 1   0 0 0
4 -1 -1.5   1.5 1.5 1   0 0 0
-4 -1 -1.5   1.5 1.5 1   0 0 0
4 -1 1.6   0.75 0.75 1   0.75 0.75 0/75
-4 -1 1.6   0.75 0.75 1   0.75 0.75 0/75
4 -1 -1.6   0.75 0.75 1   0.75 0.75 0/75
-4 -1 -1.6   0.75 0.75 1   0.75 0.75 0/75
3 1 0   4 4 3   1 0 0
-2 1 1.5   6 0.1 0.1   0 0 0
-2 1 -1.5   6 0.1 0.1   0 0 0
-5 1 0   0.1 0.1 3   0 0 0
5 -0.8 0   0.1 0.4 3   1 0 0
5 2 0   0.1 1.75 3   1 1 1
4.75 1.3 1.5   0.3 0.5 1   0 0 0
4.75 1.3 -1.5   0.3 0.5 1   0 0 0
3.5 2 1.5   2 1.5 1   1 1 1
3.5 2 -1.5   2 1.5 1   1 1 1